105
7 3
692322617 52
1 1
101 100
4 4
999999999 100
101 99
196 99
1000000000 3
3 1
99 100
236088977 100
1 100
98 100
1 3
100 100
593065517 43
999999999 2
1000000000 100
7 2
345560726 67
5 3
538816732 85
199 99
200 100
4 6
97 100
2 100
783314473 84
3 2
4 3
6 2
140386937 94
3 3
396767469 94
5 2
999999999 3
200 99
128124448 100
102 100
186260212 39
3 5
27387596 54
8 3
2 4
4 8
103 100
4 5
3 99
1000000000 40
195 99
999999999 99
1 99
1000000000 2
197 99
876389147 87
142120133 69
417021999 1
96 99
198 100
1 73
6 3
201 100
558689828 44
4 2
1 10
670528042 10
97 99
999999999 1
138 6
4 7
9 3
2 1
2 99
3 6
2 5
1 31
203 100
4 9
100 99
1000000000 1
199 100
197 100
1000000000 99
102 99
1 2
99 99
3 7
417304805 46
2 3
114382 1
5 1
198 99
201 99
1000000000 94
3 4
202 100
670467508 92
4 1
146755893 1
2 2
3 100
443452894 88
997184809 100
98 99
